961 783 1027 863
1025 661 1089 737
1243 849 1305 921
1015 486 1092 558
1178 520 1248 596
1044 763 1096 817
1049 882 1098 930
1164 699 1225 760
1032 564 1078 621
2184 2790 2233 2838
2131 2989 2180 3037
2464 2925 2541 2997
2226 2950 2293 3041
2326 3017 2398 3101
2365 2942 2417 2996
2387 2877 2457 2943
2138 3036 2208 3112
2293 2973 2342 3021
1291 332 1341 398
962 249 1026 311
1239 62 1306 153
1164 434 1254 496
1363 180 1421 246
1101 288 1163 360
1161 212 1213 266
1062 124 1138 199
1125 385 1219 459
